x-axis,2
second,Volt
-24.80000E-03,
-24.77500E-03,
-24.75000E-03,+41.93467E-03
-24.72500E-03,-8.81910E-03
-24.70000E-03,+10.65327E-03
-24.67500E-03,-18.61809E-03
-24.65000E-03,+42.06030E-03
-24.62500E-03,-22.51256E-03
-24.60000E-03,+49.84925E-03
-24.57500E-03,+1.73367E-03
-24.55000E-03,+22.83920E-03
-24.52500E-03,+20.20100E-03
-24.50000E-03,+27.11055E-03
-24.47500E-03,+6.38191E-03
-24.45000E-03,+1.35678E-03
-24.42500E-03,-21.63317E-03
-24.40000E-03,-4.92462E-03
-24.37500E-03,-8.44221E-03
-24.35000E-03,-42.11055E-03
-24.32500E-03,-3.04020E-03
-24.30000E-03,-37.71357E-03
-24.27500E-03,-4.67337E-03
-24.25000E-03,-12.58794E-03
-24.22500E-03,+23.71859E-03
-24.20000E-03,-13.96985E-03
-24.17500E-03,-12.08543E-03
-24.15000E-03,-28.91960E-03
-24.12500E-03,+46.58291E-03
-24.10000E-03,+11.03015E-03
-24.07500E-03,+59.39698E-03
-24.05000E-03,+16.30653E-03
-24.02500E-03,+62.53769E-03
-24.00000E-03,+5.00000E-03
-23.97500E-03,+39.67337E-03
-23.95000E-03,+4.49749E-03
-23.92500E-03,-3.91960E-03
-23.90000E-03,+15.55276E-03
-23.87500E-03,-18.49246E-03
-23.85000E-03,+22.83920E-03
-23.82500E-03,-24.52261E-03
-23.80000E-03,-11.45729E-03
-23.77500E-03,-31.68342E-03
-23.75000E-03,+8.39196E-03
-23.72500E-03,-53.04020E-03
-23.70000E-03,-3.29146E-03
-23.67500E-03,-20.62814E-03
-23.65000E-03,+31.25628E-03
-23.62500E-03,+48.59296E-03
-23.60000E-03,+24.84925E-03
-23.57500E-03,+5.75377E-03
-23.55000E-03,+20.82915E-03
-23.52500E-03,+15.30151E-03
-23.50000E-03,+6.75879E-03
-23.47500E-03,+12.41206E-03
-23.45000E-03,+9.77387E-03
-23.42500E-03,+42.18593E-03
-23.40000E-03,+2.98995E-03
-23.37500E-03,+16.30653E-03
-23.35000E-03,-28.41709E-03
-23.32500E-03,+15.17588E-03
-23.30000E-03,+23.71859E-03
-23.27500E-03,-2.78894E-03
-23.25000E-03,+1.73367E-03
-23.22500E-03,+43.19095E-03
-23.20000E-03,-6.05528E-03
-23.17500E-03,+18.06533E-03
-23.15000E-03,+32.38693E-03
-23.12500E-03,-16.48241E-03
-23.10000E-03,+8.51759E-03
-23.07500E-03,+21.83417E-03
-23.05000E-03,-23.64322E-03
-23.02500E-03,-9.07035E-03
-23.00000E-03,+2.98995E-03
-22.97500E-03,-37.96482E-03
-22.95000E-03,-2.28643E-03
-22.92500E-03,+27.48744E-03
-22.90000E-03,+21.70854E-03
-22.87500E-03,+15.92965E-03
-22.85000E-03,+25.47739E-03
-22.82500E-03,-25.27638E-03
-22.80000E-03,+7.38693E-03
-22.77500E-03,-22.88945E-03
-22.75000E-03,+12.78894E-03
-22.72500E-03,-4.79899E-03
-22.70000E-03,+15.92965E-03
-22.67500E-03,+35.65327E-03
-22.65000E-03,+24.34673E-03
-22.62500E-03,-11.95980E-03
-22.60000E-03,+19.57286E-03
-22.57500E-03,-24.77387E-03
-22.55000E-03,-68.61809E-03
-22.52500E-03,+16.30653E-03
-22.50000E-03,-17.23618E-03
-22.47500E-03,-3.04020E-03
-22.45000E-03,+18.44221E-03
-22.42500E-03,+15.17588E-03
-22.40000E-03,-3.41709E-03
-22.37500E-03,+22.46231E-03
-22.35000E-03,-20.37688E-03
-22.32500E-03,+30.37688E-03
-22.30000E-03,-32.43719E-03
-22.27500E-03,-22.76382E-03
-22.25000E-03,+38.16583E-03
-22.22500E-03,+21.70854E-03
-22.20000E-03,+24.59799E-03
-22.17500E-03,+29.62312E-03
-22.15000E-03,-9.32161E-03
-22.12500E-03,+13.04020E-03
-22.10000E-03,+10.65327E-03
-22.07500E-03,-14.59799E-03
-22.05000E-03,+9.14573E-03
-22.02500E-03,-21.38191E-03
-22.00000E-03,+13.04020E-03
-21.97500E-03,+29.12060E-03
-21.95000E-03,+39.79899E-03
-21.92500E-03,-26.03015E-03
-21.90000E-03,+7.76382E-03
-21.87500E-03,-15.85427E-03
-21.85000E-03,-24.02010E-03
-21.82500E-03,-4.04523E-03
-21.80000E-03,-12.46231E-03
-21.77500E-03,+2.11055E-03
-21.75000E-03,+14.79899E-03
-21.72500E-03,+8.26633E-03
-21.70000E-03,-27.66332E-03
-21.67500E-03,-10.82915E-03
-21.65000E-03,-10.70352E-03
-21.62500E-03,-15.35176E-03
-21.60000E-03,-40.47739E-03
-21.57500E-03,-13.71859E-03
-21.55000E-03,-18.36683E-03
-21.52500E-03,-3.29146E-03
-21.50000E-03,-2.41206E-03
-21.47500E-03,-16.73367E-03
-21.45000E-03,+13.66834E-03
-21.42500E-03,+24.84925E-03
-21.40000E-03,+6.63317E-03
-21.37500E-03,-6.18090E-03
-21.35000E-03,-20.50251E-03
-21.32500E-03,-45.25126E-03
-21.30000E-03,-1.40704E-03
-21.27500E-03,+3.24121E-03
-21.25000E-03,-8.06533E-03
-21.22500E-03,+13.04020E-03
-21.20000E-03,+17.93970E-03
-21.17500E-03,-4.54774E-03
-21.15000E-03,+24.72362E-03
-21.12500E-03,-37.96482E-03
-21.10000E-03,-11.95980E-03
-21.07500E-03,-33.69347E-03
-21.05000E-03,-10.45226E-03
-21.02500E-03,+18.81910E-03
-21.00000E-03,+26.85930E-03
-20.97500E-03,-4.29648E-03
-20.95000E-03,+23.84422E-03
-20.92500E-03,-11.20603E-03
-20.90000E-03,-33.69347E-03
-20.87500E-03,+10.02513E-03
-20.85000E-03,+19.94975E-03
-20.82500E-03,-9.57286E-03
-20.80000E-03,+56.63317E-03
-20.77500E-03,+37.53769E-03
-20.75000E-03,-3.91960E-03
-20.72500E-03,+53.86935E-03
-20.70000E-03,+9.64824E-03
-20.67500E-03,-6.43216E-03
-20.65000E-03,-17.36181E-03
-20.62500E-03,-30.05025E-03
-20.60000E-03,-3.54271E-03
-20.57500E-03,-20.87940E-03
-20.55000E-03,-38.84422E-03
-20.52500E-03,-16.35678E-03
-20.50000E-03,-28.54271E-03
-20.47500E-03,-45.12563E-03
-20.45000E-03,-37.71357E-03
-20.42500E-03,-64.59799E-03
-20.40000E-03,-16.10553E-03
-20.37500E-03,-13.84422E-03
-20.35000E-03,-9.07035E-03
-20.32500E-03,+12.28643E-03
-20.30000E-03,+21.95980E-03
-20.27500E-03,+5.62814E-03
-20.25000E-03,-7.43719E-03
-20.22500E-03,-55.55276E-03
-20.20000E-03,-12.96482E-03
-20.17500E-03,-23.76884E-03
-20.15000E-03,-30.42714E-03
-20.12500E-03,-1.65829E-03
-20.10000E-03,-23.14070E-03
-20.07500E-03,-45.25126E-03
-20.05000E-03,-5.67839E-03
-20.02500E-03,-10.82915E-03
-20.00000E-03,-53.29146E-03
-19.97500E-03,-17.11055E-03
-19.95000E-03,-31.68342E-03
-19.92500E-03,-17.61307E-03
-19.90000E-03,+23.09045E-03
-19.87500E-03,+1.35678E-03
-19.85000E-03,-17.73869E-03
-19.82500E-03,+19.82412E-03
-19.80000E-03,-17.11055E-03
-19.77500E-03,-15.10050E-03
-19.75000E-03,+13.04020E-03
-19.72500E-03,-50.90452E-03
-19.70000E-03,+2.48744E-03
-19.67500E-03,-30.55276E-03
-19.65000E-03,-24.52261E-03
-19.62500E-03,-21.38191E-03
-19.60000E-03,+4.74874E-03
-19.57500E-03,-16.73367E-03
-19.55000E-03,-1.28141E-03
-19.52500E-03,-9.07035E-03
-19.50000E-03,+31.13065E-03
-19.47500E-03,-41.73367E-03
-19.45000E-03,-3.16583E-03
-19.42500E-03,+854.27E-06
-19.40000E-03,-6.18090E-03
-19.37500E-03,-14.47236E-03
-19.35000E-03,-25.15075E-03
-19.32500E-03,-24.39698E-03
-19.30000E-03,-41.85930E-03
-19.27500E-03,-39.72362E-03
-19.25000E-03,-31.80904E-03
-19.22500E-03,-20.00000E-03
-19.20000E-03,-7.81407E-03
-19.17500E-03,-778.89E-06
-19.15000E-03,-13.09045E-03
-19.12500E-03,+19.19598E-03
-19.10000E-03,-32.06030E-03
-19.07500E-03,+50.72864E-03
-19.05000E-03,+1.48241E-03
-19.02500E-03,+38.66834E-03
-19.00000E-03,+33.76884E-03
-18.97500E-03,-12.21106E-03
-18.95000E-03,-30.30151E-03
-18.92500E-03,-1.90955E-03
-18.90000E-03,-45.37688E-03
-18.87500E-03,-12.96482E-03
-18.85000E-03,-19.12060E-03
-18.82500E-03,-32.56281E-03
-18.80000E-03,+19.69849E-03
-18.77500E-03,-32.93970E-03
-18.75000E-03,-8.81910E-03
-18.72500E-03,-1.03015E-03
-18.70000E-03,+38.66834E-03
-18.67500E-03,-35.32663E-03
-18.65000E-03,+50.72864E-03
-18.62500E-03,-8.56784E-03
-18.60000E-03,+26.35678E-03
-18.57500E-03,+12.41206E-03
-18.55000E-03,-54.17085E-03
-18.52500E-03,-11.95980E-03
-18.50000E-03,-43.36683E-03
-18.47500E-03,-54.42211E-03
-18.45000E-03,-47.76382E-03
-18.42500E-03,-12.08543E-03
-18.40000E-03,-59.32161E-03
-18.37500E-03,+15.67839E-03
-18.35000E-03,-45.25126E-03
-18.32500E-03,+14.67337E-03
-18.30000E-03,+5.62814E-03
-18.27500E-03,+4.37186E-03
-18.25000E-03,-14.09548E-03
-18.22500E-03,-4.17085E-03
-18.20000E-03,-25.15075E-03
-18.17500E-03,-9.19598E-03
-18.15000E-03,-25.15075E-03
-18.12500E-03,-33.81910E-03
-18.10000E-03,+12.28643E-03
-18.07500E-03,-62.33668E-03
-18.05000E-03,-20.12563E-03
-18.02500E-03,-37.83920E-03
-18.00000E-03,-34.94975E-03
-17.97500E-03,-39.72362E-03
-17.95000E-03,+23.46734E-03
-17.92500E-03,-43.74372E-03
-17.90000E-03,+74.59799E-03
-17.87500E-03,-54.04523E-03
-17.85000E-03,+22.83920E-03
-17.82500E-03,-30.92965E-03
-17.80000E-03,+6.50754E-03
-17.77500E-03,-1.15578E-03
-17.75000E-03,+13.29146E-03
-17.72500E-03,-27.78894E-03
-17.70000E-03,-45.87940E-03
-17.67500E-03,-15.60301E-03
-17.65000E-03,-57.43719E-03
-17.62500E-03,-12.33668E-03
-17.60000E-03,-31.93467E-03
-17.57500E-03,+10.15075E-03
-17.55000E-03,-33.19095E-03
-17.52500E-03,+35.27638E-03
-17.50000E-03,-33.81910E-03
-17.47500E-03,+59.64824E-03
-17.45000E-03,-41.48241E-03
-17.42500E-03,+62.78894E-03
-17.40000E-03,-41.48241E-03
-17.37500E-03,-13.96985E-03
-17.35000E-03,-24.77387E-03
-17.32500E-03,-23.51759E-03
-17.30000E-03,-29.79899E-03
-17.27500E-03,-40.97990E-03
-17.25000E-03,-8.31658E-03
-17.22500E-03,-75.40201E-03
-17.20000E-03,+25.97990E-03
-17.17500E-03,-64.84925E-03
-17.15000E-03,+33.26633E-03
-17.12500E-03,-29.17085E-03
-17.10000E-03,+24.97487E-03
-17.07500E-03,-18.61809E-03
-17.05000E-03,+60.27638E-03
-17.02500E-03,-29.79899E-03
-17.00000E-03,+29.37186E-03
-16.97500E-03,-8.44221E-03
-16.95000E-03,+9.77387E-03
-16.92500E-03,-8.06533E-03
-16.90000E-03,-30.30151E-03
-16.87500E-03,+13.41709E-03
-16.85000E-03,-45.50251E-03
-16.82500E-03,+36.28141E-03
-16.80000E-03,-31.55779E-03
-16.77500E-03,+6.63317E-03
-16.75000E-03,-47.26131E-03
-16.72500E-03,+39.29648E-03
-16.70000E-03,-54.04523E-03
-16.67500E-03,+40.42714E-03
-16.65000E-03,-24.64824E-03
-16.62500E-03,+57.51256E-03
-16.60000E-03,+12.53769E-03
-16.57500E-03,+47.71357E-03
-16.55000E-03,-11.33166E-03
-16.52500E-03,-21.00502E-03
-16.50000E-03,-24.14573E-03
-16.47500E-03,-67.48744E-03
-16.45000E-03,+5.87940E-03
-16.42500E-03,-61.83417E-03
-16.40000E-03,+36.03015E-03
-16.37500E-03,-22.88945E-03
-16.35000E-03,+30.25126E-03
-16.32500E-03,-29.42211E-03
-16.30000E-03,+73.96985E-03
-16.27500E-03,-51.78392E-03
-16.25000E-03,+75.10050E-03
-16.22500E-03,-23.39196E-03
-16.20000E-03,+14.54774E-03
-16.17500E-03,+13.16583E-03
-16.15000E-03,+26.60804E-03
-16.12500E-03,-25.27638E-03
-16.10000E-03,-2.66332E-03
-16.07500E-03,-22.38693E-03
-16.05000E-03,-56.68342E-03
-16.02500E-03,-7.06030E-03
-16.00000E-03,-62.08543E-03
-15.97500E-03,+43.81909E-03
-15.95000E-03,-76.65829E-03
-15.92500E-03,+31.75879E-03
-15.90000E-03,-12.08543E-03
-15.87500E-03,+59.64824E-03
-15.85000E-03,-13.21608E-03
-15.82500E-03,+80.62814E-03
-15.80000E-03,-23.39196E-03
-15.77500E-03,+35.65327E-03
-15.75000E-03,-14.09548E-03
-15.72500E-03,-30.55276E-03
-15.70000E-03,+23.59296E-03
-15.67500E-03,-6.93467E-03
-15.65000E-03,-9.07035E-03
-15.62500E-03,-50.40201E-03
-15.60000E-03,-5.05025E-03
-15.57500E-03,-80.05025E-03
-15.55000E-03,+36.53266E-03
-15.52500E-03,-19.12060E-03
-15.50000E-03,+38.04020E-03
-15.47500E-03,-23.14070E-03
-15.45000E-03,+49.22110E-03
-15.42500E-03,-16.73367E-03
-15.40000E-03,+52.48744E-03
-15.37500E-03,-26.90955E-03
-15.35000E-03,+44.19598E-03
-15.32500E-03,-26.90955E-03
-15.30000E-03,-20.50251E-03
-15.27500E-03,-1.03015E-03
-15.25000E-03,-61.33166E-03
-15.22500E-03,-26.40703E-03
-15.20000E-03,-54.54774E-03
-15.17500E-03,-10.57789E-03
-15.15000E-03,-43.74372E-03
-15.12500E-03,+32.51256E-03
-15.10000E-03,-58.31658E-03
-15.07500E-03,+48.84422E-03
-15.05000E-03,-23.89447E-03
-15.02500E-03,+53.49246E-03
-15.00000E-03,+477.39E-06
-14.97500E-03,+19.82412E-03
-14.95000E-03,-15.60301E-03
-14.92500E-03,+14.04523E-03
-14.90000E-03,-41.23116E-03
-14.87500E-03,-30.30151E-03
-14.85000E-03,-14.84925E-03
-14.82500E-03,-62.58794E-03
-14.80000E-03,-39.84925E-03
-14.77500E-03,-80.67839E-03
-14.75000E-03,-29.42211E-03
-14.72500E-03,-50.52764E-03
-14.70000E-03,-12.33668E-03
-14.67500E-03,-53.79397E-03
-14.65000E-03,+50.85427E-03
-14.62500E-03,-31.93467E-03
-14.60000E-03,+76.60804E-03
-14.57500E-03,-2.28643E-03
-14.55000E-03,+61.53266E-03
-14.52500E-03,+20.82915E-03
-14.50000E-03,+38.16583E-03
-14.47500E-03,-26.78392E-03
-14.45000E-03,-14.22111E-03
-14.42500E-03,-43.36683E-03
-14.40000E-03,-34.82412E-03
-14.37500E-03,-22.88945E-03
-14.35000E-03,-41.23116E-03
-14.32500E-03,+16.43216E-03
-14.30000E-03,-20.50251E-03
-14.27500E-03,-10.82915E-03
-14.25000E-03,-28.29146E-03
-14.22500E-03,+477.39E-06
-14.20000E-03,-28.66834E-03
-14.17500E-03,+77.11055E-03
-14.15000E-03,-2.03518E-03
-14.12500E-03,+58.26633E-03
-14.10000E-03,-11.83417E-03
-14.07500E-03,+28.86935E-03
-14.05000E-03,-14.22111E-03
-14.02500E-03,-10.45226E-03
-14.00000E-03,-16.48241E-03
-13.97500E-03,-12.96482E-03
-13.95000E-03,-27.16080E-03
-13.92500E-03,-65.47739E-03
-13.90000E-03,-11.70854E-03
-13.87500E-03,-40.47739E-03
-13.85000E-03,-33.19095E-03
-13.82500E-03,-24.64824E-03
-13.80000E-03,+18.94472E-03
-13.77500E-03,-17.98995E-03
-13.75000E-03,+54.49749E-03
-13.72500E-03,-45.75377E-03
-13.70000E-03,+56.25628E-03
-13.67500E-03,-29.92462E-03
-13.65000E-03,-13.21608E-03
-13.62500E-03,-4.29648E-03
-13.60000E-03,-9.69849E-03
-13.57500E-03,-2.66332E-03
-13.55000E-03,-39.09548E-03
-13.52500E-03,-37.83920E-03
-13.50000E-03,-41.85930E-03
-13.47500E-03,-39.34673E-03
-13.45000E-03,-58.06533E-03
-13.42500E-03,+728.64E-06
-13.40000E-03,-23.14070E-03
-13.37500E-03,-6.05528E-03
-13.35000E-03,-2.41206E-03
-13.32500E-03,+54.62311E-03
-13.30000E-03,-9.57286E-03
-13.27500E-03,+47.21105E-03
-13.25000E-03,+12.78894E-03
-13.22500E-03,+2.61307E-03
-13.20000E-03,+13.79397E-03
-13.17500E-03,-37.58794E-03
-13.15000E-03,-37.33668E-03
-13.12500E-03,-7.31156E-03
-13.10000E-03,-10.57789E-03
-13.07500E-03,+9.64824E-03
-13.05000E-03,+6.63317E-03
-13.02500E-03,-27.53769E-03
-13.00000E-03,+19.94975E-03
-12.97500E-03,-25.40201E-03
-12.95000E-03,-8.31658E-03
-12.92500E-03,-21.38191E-03
-12.90000E-03,-11.08040E-03
-12.87500E-03,+6.25628E-03
-12.85000E-03,+20.82915E-03
-12.82500E-03,-3.54271E-03
-12.80000E-03,-3.16583E-03
-12.77500E-03,+4.74874E-03
-12.75000E-03,-33.19095E-03
-12.72500E-03,-21.25628E-03
-12.70000E-03,-17.73869E-03
-12.67500E-03,-4.42211E-03
-12.65000E-03,-4.17085E-03
-12.62500E-03,-9.32161E-03
-12.60000E-03,-6.93467E-03
-12.57500E-03,+14.17085E-03
-12.55000E-03,-32.18593E-03
-12.52500E-03,-3.66834E-03
-12.50000E-03,-23.14070E-03
-12.47500E-03,-5.67839E-03
-12.45000E-03,-3.66834E-03
-12.42500E-03,-5.17588E-03
-12.40000E-03,-11.20603E-03
-12.37500E-03,-1.40704E-03
-12.35000E-03,-27.78894E-03
-12.32500E-03,-5.42714E-03
-12.30000E-03,+19.19598E-03
-12.27500E-03,-15.10050E-03
-12.25000E-03,-2.41206E-03
-12.22500E-03,-15.10050E-03
-12.20000E-03,-30.92965E-03
-12.17500E-03,+9.89950E-03
-12.15000E-03,-2.53769E-03
-12.12500E-03,-6.43216E-03
-12.10000E-03,+32.26131E-03
-12.07500E-03,-4.79899E-03
-12.05000E-03,+6.50754E-03
-12.02500E-03,-10.57789E-03
-12.00000E-03,-8.44221E-03
-11.97500E-03,-16.23116E-03
-11.95000E-03,-8.31658E-03
-11.92500E-03,-33.69347E-03
-11.90000E-03,-3.66834E-03
-11.87500E-03,+8.26633E-03
-11.85000E-03,+6.50754E-03
-11.82500E-03,-15.60301E-03
-11.80000E-03,-41.48241E-03
-11.77500E-03,-45.00000E-03
-11.75000E-03,+20.82915E-03
-11.72500E-03,-19.62312E-03
-11.70000E-03,-26.03015E-03
-11.67500E-03,+3.24121E-03
-11.65000E-03,-40.47739E-03
-11.62500E-03,+7.76382E-03
-11.60000E-03,-4.29648E-03
-11.57500E-03,-16.35678E-03
-11.55000E-03,+4.87437E-03
-11.52500E-03,-12.83920E-03
-11.50000E-03,-7.43719E-03
-11.47500E-03,+11.65829E-03
-11.45000E-03,-4.29648E-03
-11.42500E-03,-31.55779E-03
-11.40000E-03,-2.03518E-03
-11.37500E-03,+5.50251E-03
-11.35000E-03,-1.15578E-03
-11.32500E-03,-4.79899E-03
-11.30000E-03,-37.46231E-03
-11.27500E-03,-2.28643E-03
-11.25000E-03,-9.57286E-03
-11.22500E-03,-18.49246E-03
-11.20000E-03,+41.30653E-03
-11.17500E-03,-15.10050E-03
-11.15000E-03,-10.95477E-03
-11.12500E-03,+979.90E-06
-11.10000E-03,-16.85930E-03
-11.07500E-03,-17.73869E-03
-11.05000E-03,+15.67839E-03
-11.02500E-03,-55.80402E-03
-11.00000E-03,-27.78894E-03
-10.97500E-03,-33.31658E-03
-10.95000E-03,-54.54774E-03
-10.92500E-03,-43.24121E-03
-10.90000E-03,-51.53266E-03
-10.87500E-03,-41.60804E-03
-10.85000E-03,-22.13568E-03
-10.82500E-03,-26.15578E-03
-10.80000E-03,-12.21106E-03
-10.77500E-03,-24.02010E-03
-10.75000E-03,-32.56281E-03
-10.72500E-03,-18.36683E-03
-10.70000E-03,-34.44724E-03
-10.67500E-03,-22.88945E-03
-10.65000E-03,-18.61809E-03
-10.62500E-03,-32.93970E-03
-10.60000E-03,-13.21608E-03
-10.57500E-03,-35.20100E-03
-10.55000E-03,-49.52261E-03
-10.52500E-03,-20.25126E-03
-10.50000E-03,-17.36181E-03
-10.47500E-03,-65.35176E-03
-10.45000E-03,-8.31658E-03
-10.42500E-03,-3.29146E-03
-10.40000E-03,-27.16080E-03
-10.37500E-03,+23.59296E-03
-10.35000E-03,+1.35678E-03
-10.32500E-03,-4.42211E-03
-10.30000E-03,-2.41206E-03
-10.27500E-03,-20.62814E-03
-10.25000E-03,-30.92965E-03
-10.22500E-03,-4.29648E-03
-10.20000E-03,-13.34171E-03
-10.17500E-03,+21.33166E-03
-10.15000E-03,-16.48241E-03
-10.12500E-03,-1.03015E-03
-10.10000E-03,-19.12060E-03
-10.07500E-03,-28.16583E-03
-10.05000E-03,-39.84925E-03
-10.02500E-03,-13.09045E-03
-10.00000E-03,-31.18090E-03
-9.97500E-03,-28.79397E-03
-9.95000E-03,+10.90452E-03
-9.92500E-03,-6.93467E-03
-9.90000E-03,+10.77889E-03
-9.87500E-03,+5.62814E-03
-9.85000E-03,-16.73367E-03
-9.82500E-03,-23.14070E-03
-9.80000E-03,-20.87940E-03
-9.77500E-03,-5.05025E-03
-9.75000E-03,-12.33668E-03
-9.72500E-03,+8.14070E-03
-9.70000E-03,+31.13065E-03
-9.67500E-03,+3.61809E-03
-9.65000E-03,+6.38191E-03
-9.62500E-03,+1.60804E-03
-9.60000E-03,-17.73869E-03
-9.57500E-03,-30.67839E-03
-9.55000E-03,+9.52261E-03
-9.52500E-03,-8.31658E-03
-9.50000E-03,-18.49246E-03
-9.47500E-03,+8.76884E-03
-9.45000E-03,-13.71859E-03
-9.42500E-03,-15.47739E-03
-9.40000E-03,-14.84925E-03
-9.37500E-03,-12.33668E-03
-9.35000E-03,-46.50754E-03
-9.32500E-03,+12.91457E-03
-9.30000E-03,-21.38191E-03
-9.27500E-03,+13.91960E-03
-9.25000E-03,+24.34673E-03
-9.22500E-03,+3.36683E-03
-9.20000E-03,+42.68844E-03
-9.17500E-03,-276.38E-06
-9.15000E-03,-29.29648E-03
-9.12500E-03,-33.81910E-03
-9.10000E-03,-19.12060E-03
-9.07500E-03,-14.47236E-03
-9.05000E-03,+10.52764E-03
-9.02500E-03,-31.43216E-03
-9.00000E-03,+16.80904E-03
-8.97500E-03,-10.82915E-03
-8.95000E-03,-13.59296E-03
-8.92500E-03,-10.07538E-03
-8.90000E-03,-25.65327E-03
-8.87500E-03,-45.75377E-03
-8.85000E-03,+37.16080E-03
-8.82500E-03,-16.10553E-03
-8.80000E-03,+14.54774E-03
-8.77500E-03,+5.50251E-03
-8.75000E-03,-7.93970E-03
-8.72500E-03,-1.65829E-03
-8.70000E-03,-26.78392E-03
-8.67500E-03,-8.69347E-03
-8.65000E-03,+6.25628E-03
-8.62500E-03,-5.55276E-03
-8.60000E-03,-23.64322E-03
-8.57500E-03,+14.42211E-03
-8.55000E-03,-34.69849E-03
-8.52500E-03,+17.93970E-03
-8.50000E-03,-1.28141E-03
-8.47500E-03,+9.64824E-03
-8.45000E-03,+21.95980E-03
-8.42500E-03,+61.90955E-03
-8.40000E-03,-10.07538E-03
-8.37500E-03,+74.59799E-03
-8.35000E-03,+16.80904E-03
-8.32500E-03,-20.00000E-03
-8.30000E-03,+40.92965E-03
-8.27500E-03,-26.78392E-03
-8.25000E-03,+9.64824E-03
-8.22500E-03,+22.21105E-03
-8.20000E-03,+12.41206E-03
-8.17500E-03,+14.67337E-03
-8.15000E-03,+18.19095E-03
-8.12500E-03,-23.39196E-03
-8.10000E-03,+36.53266E-03
-8.07500E-03,-7.68844E-03
-8.05000E-03,+25.97990E-03
-8.02500E-03,+39.29648E-03
-8.00000E-03,+36.90955E-03
-7.97500E-03,+9.27136E-03
-7.95000E-03,+28.36683E-03
-7.92500E-03,-11.95980E-03
-7.90000E-03,-17.48744E-03
-7.87500E-03,+6.63317E-03
-7.85000E-03,-46.63317E-03
-7.82500E-03,+18.31658E-03
-7.80000E-03,+226.13E-06
-7.77500E-03,+11.15578E-03
-7.75000E-03,-9.57286E-03
-7.72500E-03,+36.03015E-03
-7.70000E-03,-11.20603E-03
-7.67500E-03,+40.80402E-03
-7.65000E-03,-25.13E-06
-7.62500E-03,+27.11055E-03
-7.60000E-03,+25.97990E-03
-7.57500E-03,+30.12563E-03
-7.55000E-03,+39.17085E-03
-7.52500E-03,+31.63317E-03
-7.50000E-03,-11.08040E-03
-7.47500E-03,-23.26633E-03
-7.45000E-03,+11.65829E-03
-7.42500E-03,-44.62312E-03
-7.40000E-03,+15.42714E-03
-7.37500E-03,-39.97487E-03
-7.35000E-03,+18.19095E-03
-7.32500E-03,-527.64E-06
-7.30000E-03,+17.06030E-03
-7.27500E-03,-10.45226E-03
-7.25000E-03,+41.18090E-03
-7.22500E-03,-37.71357E-03
-7.20000E-03,+24.59799E-03
-7.17500E-03,-3.54271E-03
-7.15000E-03,+15.55276E-03
-7.12500E-03,+20.45226E-03
-7.10000E-03,-17.98995E-03
-7.07500E-03,+32.88945E-03
-7.05000E-03,-14.47236E-03
-7.02500E-03,+5.62814E-03
-7.00000E-03,-42.61306E-03
-6.97500E-03,+2.48744E-03
-6.95000E-03,-42.23618E-03
-6.92500E-03,+34.14573E-03
-6.90000E-03,-12.58794E-03
-6.87500E-03,+29.74874E-03
-6.85000E-03,-6.80905E-03
-6.82500E-03,+2.48744E-03
-6.80000E-03,-15.97990E-03
-6.77500E-03,+49.84925E-03
-6.75000E-03,+14.42211E-03
-6.72500E-03,+20.07538E-03
-6.70000E-03,+12.66332E-03
-6.67500E-03,-26.28141E-03
-6.65000E-03,+8.76884E-03
-6.62500E-03,-34.32161E-03
-6.60000E-03,+12.03518E-03
-6.57500E-03,-34.69849E-03
-6.55000E-03,+55.62814E-03
-6.52500E-03,-71.63317E-03
-6.50000E-03,+33.76884E-03
-6.47500E-03,-12.08543E-03
-6.45000E-03,+8.01508E-03
-6.42500E-03,-7.56281E-03
-6.40000E-03,+43.19095E-03
-6.37500E-03,+1.73367E-03
-6.35000E-03,+32.63819E-03
-6.32500E-03,+4.37186E-03
-6.30000E-03,+11.53266E-03
-6.27500E-03,-778.89E-06
-6.25000E-03,-17.73869E-03
-6.22500E-03,+22.33668E-03
-6.20000E-03,-48.51759E-03
-6.17500E-03,+14.42211E-03
-6.15000E-03,-30.92965E-03
-6.12500E-03,-778.89E-06
-6.10000E-03,-49.27136E-03
-6.07500E-03,+29.24623E-03
-6.05000E-03,-46.50754E-03
-6.02500E-03,+44.94975E-03
-6.00000E-03,-3.54271E-03
-5.97500E-03,+33.14070E-03
-5.95000E-03,+8.39196E-03
-5.92500E-03,+17.56281E-03
-5.90000E-03,-5.67839E-03
-5.87500E-03,-11.58291E-03
-5.85000E-03,+14.67337E-03
-5.82500E-03,+854.27E-06
-5.80000E-03,+41.05528E-03
-5.77500E-03,-30.92965E-03
-5.75000E-03,+49.84925E-03
-5.72500E-03,-29.17085E-03
-5.70000E-03,+11.15578E-03
-5.67500E-03,-22.63819E-03
-5.65000E-03,-276.38E-06
-5.62500E-03,-23.76884E-03
-5.60000E-03,+61.15578E-03
-5.57500E-03,-31.68342E-03
-5.55000E-03,+46.45729E-03
-5.52500E-03,+16.30653E-03
-5.50000E-03,+1.60804E-03
-5.47500E-03,+8.01508E-03
-5.45000E-03,-7.18593E-03
-5.42500E-03,-26.03015E-03
-5.40000E-03,-41.10553E-03
-5.37500E-03,-16.35678E-03
-5.35000E-03,-45.37688E-03
-5.32500E-03,+36.28141E-03
-5.30000E-03,-42.98995E-03
-5.27500E-03,+29.12060E-03
-5.25000E-03,-32.18593E-03
-5.22500E-03,+7.63819E-03
-5.20000E-03,+11.65829E-03
-5.17500E-03,+25.97990E-03
-5.15000E-03,-8.31658E-03
-5.12500E-03,+64.54774E-03
-5.10000E-03,+3.49246E-03
-5.07500E-03,+14.54774E-03
-5.05000E-03,-4.42211E-03
-5.02500E-03,+4.37186E-03
-5.00000E-03,+15.05025E-03
-4.97500E-03,+13.79397E-03
-4.95000E-03,+23.96985E-03
-4.92500E-03,-10.45226E-03
-4.90000E-03,+34.02010E-03
-4.87500E-03,-9.57286E-03
-4.85000E-03,+60.40201E-03
-4.82500E-03,-28.16583E-03
-4.80000E-03,+17.56281E-03
-4.77500E-03,+22.71357E-03
-4.75000E-03,+51.73367E-03
-4.72500E-03,+10.77889E-03
-4.70000E-03,+60.52764E-03
-4.67500E-03,+34.52261E-03
-4.65000E-03,+56.75879E-03
-4.62500E-03,+23.96985E-03
-4.60000E-03,+1.60804E-03
-4.57500E-03,+51.73367E-03
-4.55000E-03,-35.20100E-03
-4.52500E-03,-2.28643E-03
-4.50000E-03,-33.69347E-03
-4.47500E-03,-9.57286E-03
-4.45000E-03,-36.83417E-03
-4.42500E-03,+14.29648E-03
-4.40000E-03,-27.66332E-03
-4.37500E-03,+18.31658E-03
-4.35000E-03,-27.16080E-03
-4.32500E-03,+52.86432E-03
-4.30000E-03,+9.89950E-03
-4.27500E-03,+25.10050E-03
-4.25000E-03,+2.98995E-03
-4.22500E-03,+39.42211E-03
-4.20000E-03,+24.47236E-03
-4.17500E-03,+24.34673E-03
-4.15000E-03,+10.90452E-03
-4.12500E-03,+10.77889E-03
-4.10000E-03,+46.95980E-03
-4.07500E-03,+1.73367E-03
-4.05000E-03,+15.67839E-03
-4.02500E-03,+29.62312E-03
-4.00000E-03,+43.56784E-03
-3.97500E-03,-23.26633E-03
-3.95000E-03,+13.04020E-03
-3.92500E-03,-13.34171E-03
-3.90000E-03,+7.13568E-03
-3.87500E-03,+1.73367E-03
-3.85000E-03,+8.64322E-03
-3.82500E-03,-2.28643E-03
-3.80000E-03,+20.07538E-03
-3.77500E-03,-27.16080E-03
-3.75000E-03,+26.60804E-03
-3.72500E-03,-8.31658E-03
-3.70000E-03,-21.50754E-03
-3.67500E-03,+27.23618E-03
-3.65000E-03,-31.18090E-03
-3.62500E-03,+4.62312E-03
-3.60000E-03,-18.36683E-03
-3.57500E-03,-12.83920E-03
-3.55000E-03,-1.90955E-03
-3.52500E-03,+18.69347E-03
-3.50000E-03,-18.86935E-03
-3.47500E-03,+23.09045E-03
-3.45000E-03,+27.98995E-03
-3.42500E-03,+12.41206E-03
-3.40000E-03,+10.15075E-03
-3.37500E-03,+49.84925E-03
-3.35000E-03,+25.60301E-03
-3.32500E-03,+40.42714E-03
-3.30000E-03,+14.29648E-03
-3.27500E-03,+12.78894E-03
-3.25000E-03,+25.47739E-03
-3.22500E-03,-3.66834E-03
-3.20000E-03,+14.04523E-03
-3.17500E-03,-18.11558E-03
-3.15000E-03,-36.83417E-03
-3.12500E-03,+13.54271E-03
-3.10000E-03,+6.63317E-03
-3.07500E-03,+13.29146E-03
-3.05000E-03,+31.75879E-03
-3.02500E-03,-6.05528E-03
-3.00000E-03,+17.06030E-03
-2.97500E-03,-8.81910E-03
-2.95000E-03,+11.40703E-03
-2.92500E-03,+16.05528E-03
-2.90000E-03,+10.40201E-03
-2.87500E-03,-1.03015E-03
-2.85000E-03,+12.78894E-03
-2.82500E-03,+5.25126E-03
-2.80000E-03,+14.79899E-03
-2.77500E-03,+31.13065E-03
-2.75000E-03,+8.39196E-03
-2.72500E-03,+18.81910E-03
-2.70000E-03,-10.45226E-03
-2.67500E-03,-25.40201E-03
-2.65000E-03,+6.75879E-03
-2.62500E-03,-25.65327E-03
-2.60000E-03,-29.92462E-03
-2.57500E-03,+23.09045E-03
-2.55000E-03,+5.00000E-03
-2.52500E-03,-18.11558E-03
-2.50000E-03,+4.49749E-03
-2.47500E-03,-24.77387E-03
-2.45000E-03,-9.94975E-03
-2.42500E-03,-3.91960E-03
-2.40000E-03,+2.48744E-03
-2.37500E-03,-10.70352E-03
-2.35000E-03,+9.64824E-03
-2.32500E-03,-10.82915E-03
-2.30000E-03,+10.52764E-03
-2.27500E-03,-23.89447E-03
-2.25000E-03,-2.78894E-03
-2.22500E-03,-5.55276E-03
-2.20000E-03,+35.02513E-03
-2.17500E-03,+32.88945E-03
-2.15000E-03,+30.50251E-03
-2.12500E-03,+8.89447E-03
-2.10000E-03,+9.77387E-03
-2.07500E-03,+23.96985E-03
-2.05000E-03,-2.66332E-03
-2.02500E-03,+10.02513E-03
-2.00000E-03,+7.26131E-03
-1.97500E-03,-31.68342E-03
-1.95000E-03,-7.06030E-03
-1.92500E-03,+10.77889E-03
-1.90000E-03,-3.66834E-03
-1.87500E-03,-3.04020E-03
-1.85000E-03,-33.31658E-03
-1.82500E-03,-13.09045E-03
-1.80000E-03,+9.02010E-03
-1.77500E-03,-2.03518E-03
-1.75000E-03,+8.39196E-03
-1.72500E-03,+25.47739E-03
-1.70000E-03,-40.47739E-03
-1.67500E-03,+18.06533E-03
-1.65000E-03,-29.67337E-03
-1.62500E-03,-9.19598E-03
-1.60000E-03,+1.73367E-03
-1.57500E-03,-3.29146E-03
-1.55000E-03,+22.58794E-03
-1.52500E-03,-4.29648E-03
-1.50000E-03,-20.50251E-03
-1.47500E-03,+3.36683E-03
-1.45000E-03,-13.71859E-03
-1.42500E-03,-25.65327E-03
-1.40000E-03,-23.14070E-03
-1.37500E-03,+19.19598E-03
-1.35000E-03,-26.90955E-03
-1.32500E-03,+23.71859E-03
-1.30000E-03,+979.90E-06
-1.27500E-03,-7.56281E-03
-1.25000E-03,+11.53266E-03
-1.22500E-03,-44.49749E-03
-1.20000E-03,-20.00000E-03
-1.17500E-03,-3.54271E-03
-1.15000E-03,-21.63317E-03
-1.12500E-03,+1.23116E-03
-1.10000E-03,-7.56281E-03
-1.07500E-03,-3.91960E-03
-1.05000E-03,-17.11055E-03
-1.02500E-03,-12.08543E-03
-1.00000E-03,-5.05025E-03
-975.00E-06,-12.83920E-03
-950.00E-06,-14.09548E-03
-925.00E-06,+15.92965E-03
-900.00E-06,+17.68844E-03
-875.00E-06,+16.30653E-03
-850.00E-06,+42.56281E-03
-825.00E-06,+29.37186E-03
-800.00E-06,-2.28643E-03
-775.00E-06,+32.13568E-03
-750.00E-06,-7.06030E-03
-725.00E-06,+14.29648E-03
-700.00E-06,+33.64322E-03
-675.00E-06,+1.23116E-03
-650.00E-06,+13.54271E-03
-625.00E-06,-4.29648E-03
-600.00E-06,-67.36181E-03
-575.00E-06,-33.81910E-03
-550.00E-06,-27.66332E-03
-525.00E-06,-22.63819E-03
-500.00E-06,-6.30653E-03
-475.00E-06,-35.45226E-03
-450.00E-06,-29.79899E-03
-425.00E-06,-46.63317E-03
-400.00E-06,-14.84925E-03
-375.00E-06,-4.92462E-03
-350.00E-06,+2.86432E-03
-325.00E-06,+4.87437E-03
-300.00E-06,-11.70854E-03
-275.00E-06,-35.70352E-03
-250.00E-06,-70.37688E-03
-225.00E-06,-21.38191E-03
-200.00E-06,-42.48744E-03
-175.00E-06,-21.13065E-03
-150.00E-06,-2.03518E-03
-125.00E-06,+12.41206E-03
-100.00E-06,-22.26131E-03
-75.00E-06,+11.65829E-03
-50.00E-06,-36.70854E-03
-25.00E-06,-5.05025E-03
+0.0E+00,-18.11558E-03
+25.00E-06,-29.54774E-03
+50.00E-06,+14.79899E-03
+75.00E-06,+3.36683E-03
+100.00E-06,-19.12060E-03
+125.00E-06,+4.49749E-03
+150.00E-06,-32.43719E-03
+175.00E-06,-18.86935E-03
+200.00E-06,+3.74372E-03
+225.00E-06,-39.22111E-03
+250.00E-06,+979.90E-06
+275.00E-06,-11.20603E-03
+300.00E-06,+5.00000E-03
+325.00E-06,-17.11055E-03
+350.00E-06,+30.12563E-03
+375.00E-06,-2.28643E-03
+400.00E-06,+20.07538E-03
+425.00E-06,-19.37186E-03
+450.00E-06,-13.46734E-03
+475.00E-06,-11.83417E-03
+500.00E-06,-29.17085E-03
+525.00E-06,-9.69849E-03
+550.00E-06,-33.19095E-03
+575.00E-06,-21.63317E-03
+600.00E-06,-6.30653E-03
+625.00E-06,-6.80905E-03
+650.00E-06,-42.11055E-03
+675.00E-06,+7.63819E-03
+700.00E-06,-17.61307E-03
+725.00E-06,-402.01E-06
+750.00E-06,-778.89E-06
+775.00E-06,+18.06533E-03
+800.00E-06,-5.42714E-03
+825.00E-06,+15.80402E-03
+850.00E-06,-23.26633E-03
+875.00E-06,-30.55276E-03
+900.00E-06,-4.92462E-03
+925.00E-06,-31.18090E-03
+950.00E-06,+18.81910E-03
+975.00E-06,-34.94975E-03
+1.00000E-03,+1.85930E-03
+1.02500E-03,-21.75879E-03
+1.05000E-03,-39.22111E-03
+1.07500E-03,-14.72362E-03
+1.10000E-03,-7.06030E-03
+1.12500E-03,-33.19095E-03
+1.15000E-03,+73.96985E-03
+1.17500E-03,+26.85930E-03
+1.20000E-03,+37.16080E-03
+1.22500E-03,+12.03518E-03
+1.25000E-03,-4.92462E-03
+1.27500E-03,-31.30653E-03
+1.30000E-03,-3.66834E-03
+1.32500E-03,-30.92965E-03
+1.35000E-03,-38.84422E-03
+1.37500E-03,-16.85930E-03
+1.40000E-03,-38.59296E-03
+1.42500E-03,-30.67839E-03
+1.45000E-03,-56.80904E-03
+1.47500E-03,-8.56784E-03
+1.50000E-03,-28.04020E-03
+1.52500E-03,+19.44724E-03
+1.55000E-03,-14.47236E-03
+1.57500E-03,+65.30151E-03
+1.60000E-03,-32.68844E-03
+1.62500E-03,+20.82915E-03
+1.65000E-03,-24.39698E-03
+1.67500E-03,-31.30653E-03
+1.70000E-03,+22.08543E-03
+1.72500E-03,-35.20100E-03
+1.75000E-03,-30.42714E-03
+1.77500E-03,-17.48744E-03
+1.80000E-03,-46.00502E-03
+1.82500E-03,-73.14070E-03
+1.85000E-03,+728.64E-06
+1.87500E-03,-50.02513E-03
+1.90000E-03,+9.64824E-03
+1.92500E-03,-22.38693E-03
+1.95000E-03,+32.51256E-03
+1.97500E-03,-30.42714E-03
+2.00000E-03,+38.41708E-03
+2.02500E-03,-41.23116E-03
+2.05000E-03,+4.37186E-03
+2.07500E-03,-51.28141E-03
+2.10000E-03,-38.34171E-03
+2.12500E-03,-11.20603E-03
+2.15000E-03,-42.48744E-03
+2.17500E-03,-41.85930E-03
+2.20000E-03,-64.34673E-03
+2.22500E-03,-58.69347E-03
+2.25000E-03,-60.95477E-03
+2.27500E-03,+6.13065E-03
+2.30000E-03,-55.55276E-03
+2.32500E-03,+56.13065E-03
+2.35000E-03,-27.91457E-03
+2.37500E-03,+55.87940E-03
+2.40000E-03,+1.73367E-03
+2.42500E-03,+65.55276E-03
+2.45000E-03,-9.94975E-03
+2.47500E-03,+21.33166E-03
+2.50000E-03,-26.40703E-03
+2.52500E-03,+5.50251E-03
+2.55000E-03,-30.55276E-03
+2.57500E-03,-56.93467E-03
+2.60000E-03,-17.86432E-03
+2.62500E-03,-62.83920E-03
+2.65000E-03,-12.33668E-03
+2.67500E-03,-45.00000E-03
+2.70000E-03,+33.26633E-03
+2.72500E-03,-57.56281E-03
+2.75000E-03,+51.60804E-03
+2.77500E-03,-42.48744E-03
+2.80000E-03,+48.71859E-03
+2.82500E-03,-25.40201E-03
+2.85000E-03,+22.83920E-03
+2.87500E-03,+16.80904E-03
+2.90000E-03,+1.85930E-03
+2.92500E-03,-16.35678E-03
+2.95000E-03,-39.09548E-03
+2.97500E-03,-25.65327E-03
+3.00000E-03,-92.86432E-03
+3.02500E-03,-18.61809E-03
+3.05000E-03,-39.22111E-03
+3.07500E-03,+27.98995E-03
+3.10000E-03,-14.09548E-03
+3.12500E-03,+43.31658E-03
+3.15000E-03,-39.72362E-03
+3.17500E-03,+65.30151E-03
+3.20000E-03,-45.87940E-03
+3.22500E-03,+90.67839E-03
+3.25000E-03,-9.07035E-03
+3.27500E-03,+37.41206E-03
+3.30000E-03,-14.34673E-03
+3.32500E-03,+351.76E-06
+3.35000E-03,-33.06533E-03
+3.37500E-03,-16.23116E-03
+3.40000E-03,-11.58291E-03
+3.42500E-03,-41.35678E-03
+3.45000E-03,+4.74874E-03
+3.47500E-03,-82.43719E-03
+3.50000E-03,+11.90955E-03
+3.52500E-03,-36.95980E-03
+3.55000E-03,+40.55276E-03
+3.57500E-03,-11.08040E-03
+3.60000E-03,+78.24121E-03
+3.62500E-03,-28.41709E-03
+3.65000E-03,+82.63819E-03
+3.67500E-03,-31.93467E-03
+3.70000E-03,+8.76884E-03
+3.72500E-03,-14.34673E-03
+3.75000E-03,-6.93467E-03
+3.77500E-03,-4.67337E-03
+3.80000E-03,+8.76884E-03
+3.82500E-03,-5.30151E-03
+3.85000E-03,-30.05025E-03
+3.87500E-03,-1.53266E-03
+3.90000E-03,-89.59799E-03
+3.92500E-03,-12.08543E-03
+3.95000E-03,-40.72864E-03
+3.97500E-03,+32.26131E-03
+4.00000E-03,-21.88442E-03
+4.02500E-03,+67.18593E-03
+4.05000E-03,-11.08040E-03
+4.07500E-03,+85.65327E-03
+4.10000E-03,-39.84925E-03
+4.12500E-03,+64.04523E-03
+4.15000E-03,-36.20603E-03
+4.17500E-03,-12.46231E-03
+4.20000E-03,+9.14573E-03
+4.22500E-03,-13.46734E-03
+4.25000E-03,+20.07538E-03
+4.27500E-03,-20.37688E-03
+4.30000E-03,+1.48241E-03
+4.32500E-03,-93.11558E-03
+4.35000E-03,+39.04523E-03
+4.37500E-03,-83.44221E-03
+4.40000E-03,+60.15075E-03
+4.42500E-03,-13.59296E-03
+4.45000E-03,+65.92965E-03
+4.47500E-03,-2.78894E-03
+4.50000E-03,+64.29648E-03
+4.52500E-03,-47.88945E-03
+4.55000E-03,+7.76382E-03
+4.57500E-03,-38.71859E-03
+4.60000E-03,-29.04523E-03
+4.62500E-03,-21.38191E-03
+4.65000E-03,-54.67337E-03
+4.67500E-03,+30.00000E-03
+4.70000E-03,-34.69849E-03
+4.72500E-03,+477.39E-06
+4.75000E-03,-47.01005E-03
+4.77500E-03,+29.49749E-03
+4.80000E-03,-96.13065E-03
+4.82500E-03,+26.98492E-03
+4.85000E-03,-17.86432E-03
+4.87500E-03,+63.79397E-03
+4.90000E-03,-34.19598E-03
+4.92500E-03,+63.79397E-03
+4.95000E-03,-5.67839E-03
+4.97500E-03,+57.51256E-03
+5.00000E-03,-49.39698E-03
+5.02500E-03,-2.16080E-03
+5.05000E-03,+14.79899E-03
+5.07500E-03,-8.44221E-03
+5.10000E-03,+4.24623E-03
+5.12500E-03,-44.49749E-03
+5.15000E-03,-9.69849E-03
+5.17500E-03,-61.45729E-03
+5.20000E-03,-20.87940E-03
+5.22500E-03,-75.02512E-03
+5.25000E-03,+37.78894E-03
+5.27500E-03,-73.14070E-03
+5.30000E-03,+63.91960E-03
+5.32500E-03,+8.14070E-03
+5.35000E-03,+74.34673E-03
+5.37500E-03,-8.06533E-03
+5.40000E-03,+11.03015E-03
+5.42500E-03,-9.94975E-03
+5.45000E-03,-19.74874E-03
+5.47500E-03,-65.85427E-03
+5.50000E-03,-34.32161E-03
+5.52500E-03,+4.49749E-03
+5.55000E-03,-45.87940E-03
+5.57500E-03,-17.36181E-03
+5.60000E-03,-18.11558E-03
+5.62500E-03,-29.17085E-03
+5.65000E-03,-36.20603E-03
+5.67500E-03,+17.68844E-03
+5.70000E-03,-42.11055E-03
+5.72500E-03,+64.92462E-03
+5.75000E-03,-21.13065E-03
+5.77500E-03,+55.50251E-03
+5.80000E-03,-2.78894E-03
+5.82500E-03,+27.86432E-03
+5.85000E-03,-13.96985E-03
+5.87500E-03,+32.88945E-03
+5.90000E-03,-6.18090E-03
+5.92500E-03,-6.93467E-03
+5.95000E-03,-16.48241E-03
+5.97500E-03,-29.79899E-03
+6.00000E-03,-9.07035E-03
+6.02500E-03,-54.04523E-03
+6.05000E-03,-19.37186E-03
+6.07500E-03,-39.47236E-03
+6.10000E-03,-14.84925E-03
+6.12500E-03,-16.85930E-03
+6.15000E-03,+28.99497E-03
+6.17500E-03,-52.78894E-03
+6.20000E-03,+55.50251E-03
+6.22500E-03,-35.70352E-03
+6.25000E-03,+23.59296E-03
+6.27500E-03,+12.41206E-03
+6.30000E-03,+29.87437E-03
+6.32500E-03,+13.04020E-03
+6.35000E-03,+15.05025E-03
+6.37500E-03,-18.74372E-03
+6.40000E-03,-39.22111E-03
+6.42500E-03,-27.16080E-03
+6.45000E-03,-52.53769E-03
+6.47500E-03,-29.79899E-03
+6.50000E-03,-24.39698E-03
+6.52500E-03,+7.38693E-03
+6.55000E-03,-5.55276E-03
+6.57500E-03,+23.46734E-03
+6.60000E-03,-24.02010E-03
+6.62500E-03,+27.98995E-03
+6.65000E-03,-50.27638E-03
+6.67500E-03,+22.58794E-03
+6.70000E-03,-29.67337E-03
+6.72500E-03,+7.26131E-03
+6.75000E-03,+15.55276E-03
+6.77500E-03,-16.48241E-03
+6.80000E-03,-45.87940E-03
+6.82500E-03,-12.33668E-03
+6.85000E-03,-31.43216E-03
+6.87500E-03,-14.34673E-03
+6.90000E-03,-2.28643E-03
+6.92500E-03,-19.62312E-03
+6.95000E-03,-2.28643E-03
+6.97500E-03,-4.79899E-03
+7.00000E-03,-17.86432E-03
+7.02500E-03,-18.11558E-03
+7.05000E-03,+14.67337E-03
+7.07500E-03,-46.75879E-03
+7.10000E-03,+18.81910E-03
+7.12500E-03,+2.36181E-03
+7.15000E-03,-8.94472E-03
+7.17500E-03,+13.54271E-03
+7.20000E-03,-40.60301E-03
+7.22500E-03,-5.42714E-03
+7.25000E-03,-5.92965E-03
+7.27500E-03,-10.32663E-03
+7.30000E-03,-4.29648E-03
+7.32500E-03,-28.41709E-03
+7.35000E-03,-22.38693E-03
+7.37500E-03,-7.31156E-03
+7.40000E-03,-12.33668E-03
+7.42500E-03,+979.90E-06
+7.45000E-03,+5.00000E-03
+7.47500E-03,+31.25628E-03
+7.50000E-03,-8.44221E-03
+7.52500E-03,+13.54271E-03
+7.55000E-03,+7.51256E-03
+7.57500E-03,+10.52764E-03
+7.60000E-03,+7.51256E-03
+7.62500E-03,-11.20603E-03
+7.65000E-03,+1.35678E-03
+7.67500E-03,+3.49246E-03
+7.70000E-03,+2.36181E-03
+7.72500E-03,+38.41708E-03
+7.75000E-03,+9.89950E-03
+7.77500E-03,+2.11055E-03
+7.80000E-03,+9.39698E-03
+7.82500E-03,-47.51256E-03
+7.85000E-03,-8.81910E-03
+7.87500E-03,-21.88442E-03
+7.90000E-03,-22.38693E-03
+7.92500E-03,-10.07538E-03
+7.95000E-03,+30.87940E-03
+7.97500E-03,+2.11055E-03
+8.00000E-03,-15.10050E-03
+8.02500E-03,-18.49246E-03
+8.05000E-03,-29.29648E-03
+8.07500E-03,-11.70854E-03
+8.10000E-03,-44.62312E-03
+8.12500E-03,+12.78894E-03
+8.15000E-03,+10.40201E-03
+8.17500E-03,+2.98995E-03
+8.20000E-03,+24.34673E-03
+8.22500E-03,-20.87940E-03
+8.25000E-03,-39.84925E-03
+8.27500E-03,+5.62814E-03
+8.30000E-03,-36.70854E-03
+8.32500E-03,+18.06533E-03
+8.35000E-03,+8.89447E-03
+8.37500E-03,+6.25628E-03
+8.40000E-03,+29.12060E-03
+8.42500E-03,+2.98995E-03
+8.45000E-03,+1.73367E-03
+8.47500E-03,+12.41206E-03
+8.50000E-03,-34.94975E-03
+8.52500E-03,-29.29648E-03
+8.55000E-03,+27.23618E-03
+8.57500E-03,-10.32663E-03
+8.60000E-03,-7.68844E-03
+8.62500E-03,+19.69849E-03
+8.65000E-03,+14.17085E-03
+8.67500E-03,-11.20603E-03
+8.70000E-03,+6.13065E-03
+8.72500E-03,-16.10553E-03
+8.75000E-03,-14.72362E-03
+8.77500E-03,-17.36181E-03
+8.80000E-03,-39.22111E-03
+8.82500E-03,+17.56281E-03
+8.85000E-03,-18.61809E-03
+8.87500E-03,-7.93970E-03
+8.90000E-03,+4.49749E-03
+8.92500E-03,+3.49246E-03
+8.95000E-03,-3.66834E-03
+8.97500E-03,-48.51759E-03
+9.00000E-03,-51.78392E-03
+9.02500E-03,-45.87940E-03
+9.05000E-03,-42.48744E-03
+9.07500E-03,-33.81910E-03
+9.10000E-03,-14.22111E-03
+9.12500E-03,-15.60301E-03
+9.15000E-03,-64.72362E-03
+9.17500E-03,-30.80402E-03
+9.20000E-03,-29.17085E-03
+9.22500E-03,-39.84925E-03
+9.25000E-03,-24.89950E-03
+9.27500E-03,-33.69347E-03
+9.30000E-03,+1.35678E-03
+9.32500E-03,-17.11055E-03
+9.35000E-03,-48.14070E-03
+9.37500E-03,-37.83920E-03
+9.40000E-03,-43.99497E-03
+9.42500E-03,-41.35678E-03
+9.45000E-03,-8.81910E-03
+9.47500E-03,-43.24121E-03
+9.50000E-03,-21.25628E-03
+9.52500E-03,-13.09045E-03
+9.55000E-03,-23.26633E-03
+9.57500E-03,-1.40704E-03
+9.60000E-03,-14.09548E-03
+9.62500E-03,-8.31658E-03
+9.65000E-03,-12.33668E-03
+9.67500E-03,-8.81910E-03
+9.70000E-03,-26.53266E-03
+9.72500E-03,-24.14573E-03
+9.75000E-03,-2.78894E-03
+9.77500E-03,-31.18090E-03
+9.80000E-03,-14.84925E-03
+9.82500E-03,+9.14573E-03
+9.85000E-03,-8.44221E-03
+9.87500E-03,+2.36181E-03
+9.90000E-03,-29.17085E-03
+9.92500E-03,+11.28141E-03
+9.95000E-03,-32.93970E-03
+9.97500E-03,-32.06030E-03
+10.00000E-03,+16.05528E-03
+10.02500E-03,-15.35176E-03
+10.05000E-03,-12.21106E-03
+10.07500E-03,-276.38E-06
+10.10000E-03,+5.12563E-03
+10.12500E-03,-24.77387E-03
+10.15000E-03,+1.98492E-03
+10.17500E-03,-7.06030E-03
+10.20000E-03,-4.04523E-03
+10.22500E-03,+1.73367E-03
+10.25000E-03,-21.63317E-03
+10.27500E-03,+12.78894E-03
+10.30000E-03,+30.37688E-03
+10.32500E-03,-14.22111E-03
+10.35000E-03,-1.03015E-03
+10.37500E-03,-276.38E-06
+10.40000E-03,+4.62312E-03
+10.42500E-03,+10.90452E-03
+10.45000E-03,-27.91457E-03
+10.47500E-03,-9.19598E-03
+10.50000E-03,-20.37688E-03
+10.52500E-03,-17.73869E-03
+10.55000E-03,-17.61307E-03
+10.57500E-03,+14.29648E-03
+10.60000E-03,-5.05025E-03
+10.62500E-03,+47.08543E-03
+10.65000E-03,+13.04020E-03
+10.67500E-03,+15.80402E-03
+10.70000E-03,-2.53769E-03
+10.72500E-03,-9.07035E-03
+10.75000E-03,+5.50251E-03
+10.77500E-03,-17.23618E-03
+10.80000E-03,+3.24121E-03
+10.82500E-03,+18.81910E-03
+10.85000E-03,+2.36181E-03
+10.87500E-03,-9.19598E-03
+10.90000E-03,-13.34171E-03
+10.92500E-03,-22.88945E-03
+10.95000E-03,-9.19598E-03
+10.97500E-03,-19.12060E-03
+11.00000E-03,+3.74372E-03
+11.02500E-03,-4.04523E-03
+11.05000E-03,+25.47739E-03
+11.07500E-03,+728.64E-06
+11.10000E-03,+10.27638E-03
+11.12500E-03,+3.49246E-03
+11.15000E-03,+603.02E-06
+11.17500E-03,+27.48744E-03
+11.20000E-03,+9.02010E-03
+11.22500E-03,-22.26131E-03
+11.25000E-03,-25.13E-06
+11.27500E-03,+7.63819E-03
+11.30000E-03,-46.63317E-03
+11.32500E-03,-14.09548E-03
+11.35000E-03,-51.03015E-03
+11.37500E-03,-16.85930E-03
+11.40000E-03,-8.56784E-03
+11.42500E-03,+21.45729E-03
+11.45000E-03,+979.90E-06
+11.47500E-03,+7.63819E-03
+11.50000E-03,+9.64824E-03
+11.52500E-03,+24.09548E-03
+11.55000E-03,-13.09045E-03
+11.57500E-03,+26.35678E-03
+11.60000E-03,+30.37688E-03
+11.62500E-03,-15.72864E-03
+11.65000E-03,+39.42211E-03
+11.67500E-03,-17.73869E-03
+11.70000E-03,-527.64E-06
+11.72500E-03,+9.64824E-03
+11.75000E-03,+21.45729E-03
+11.77500E-03,-14.09548E-03
+11.80000E-03,+48.09045E-03
+11.82500E-03,+4.49749E-03
+11.85000E-03,+15.55276E-03
+11.87500E-03,-1.53266E-03
+11.90000E-03,+25.35176E-03
+11.92500E-03,-3.54271E-03
+11.95000E-03,+37.66332E-03
+11.97500E-03,+27.36181E-03
+12.00000E-03,+23.84422E-03
+12.02500E-03,+21.20603E-03
+12.05000E-03,-23.76884E-03
+12.07500E-03,+2.86432E-03
+12.10000E-03,-12.83920E-03
+12.12500E-03,+16.55779E-03
+12.15000E-03,-23.39196E-03
+12.17500E-03,+10.40201E-03
+12.20000E-03,+7.51256E-03
+12.22500E-03,+49.09548E-03
+12.25000E-03,-17.36181E-03
+12.27500E-03,+92.93970E-03
+12.30000E-03,+35.27638E-03
+12.32500E-03,+51.23116E-03
+12.35000E-03,+24.84925E-03
+12.37500E-03,+7.76382E-03
+12.40000E-03,+17.56281E-03
+12.42500E-03,-402.01E-06
+12.45000E-03,-2.03518E-03
+12.47500E-03,-27.53769E-03
+12.50000E-03,+23.71859E-03
+12.52500E-03,-36.58291E-03
+12.55000E-03,+39.17085E-03
+12.57500E-03,-23.89447E-03
+12.60000E-03,+23.71859E-03
+12.62500E-03,-29.17085E-03
+12.65000E-03,+25.22613E-03
+12.67500E-03,-11.20603E-03
+12.70000E-03,+44.07035E-03
+12.72500E-03,-4.04523E-03
+12.75000E-03,+31.63317E-03
+12.77500E-03,-5.55276E-03
+12.80000E-03,-4.67337E-03
+12.82500E-03,+12.78894E-03
+12.85000E-03,-56.43216E-03
+12.87500E-03,-5.05025E-03
+12.90000E-03,-12.46231E-03
+12.92500E-03,+20.32663E-03
+12.95000E-03,-20.87940E-03
+12.97500E-03,+59.89950E-03
+13.00000E-03,-19.37186E-03
+13.02500E-03,+38.16583E-03
+13.05000E-03,+5.00000E-03
+13.07500E-03,+3.61809E-03
+13.10000E-03,+21.95980E-03
+13.12500E-03,+46.45729E-03
+13.15000E-03,-9.69849E-03
+13.17500E-03,+57.51256E-03
+13.20000E-03,+19.69849E-03
+13.22500E-03,-17.98995E-03
+13.25000E-03,+15.05025E-03
+13.27500E-03,-36.58291E-03
+13.30000E-03,+23.34171E-03
+13.32500E-03,-64.59799E-03
+13.35000E-03,-25.13E-06
+13.37500E-03,-8.56784E-03
+13.40000E-03,+30.25126E-03
+13.42500E-03,-33.69347E-03
+13.45000E-03,+73.59296E-03
+13.47500E-03,-12.08543E-03
+13.50000E-03,+35.77889E-03
+13.52500E-03,-6.80905E-03
+13.55000E-03,-8.69347E-03
+13.57500E-03,+8.26633E-03
+13.60000E-03,+18.31658E-03
+13.62500E-03,+14.17085E-03
+13.65000E-03,-15.97990E-03
+13.67500E-03,+8.39196E-03
+13.70000E-03,-49.89950E-03
+13.72500E-03,+16.80904E-03
+13.75000E-03,-13.34171E-03
+13.77500E-03,+29.37186E-03
+13.80000E-03,-13.34171E-03
+13.82500E-03,+17.43719E-03
+13.85000E-03,-44.49749E-03
+13.87500E-03,+25.72864E-03
+13.90000E-03,-40.97990E-03
+13.92500E-03,+31.13065E-03
+13.95000E-03,+8.64322E-03
+13.97500E-03,+3.61809E-03
+14.00000E-03,+15.55276E-03
+14.02500E-03,+10.52764E-03
+14.05000E-03,-10.07538E-03
+14.07500E-03,-30.55276E-03
+14.10000E-03,-2.03518E-03
+14.12500E-03,-70.25126E-03
+14.15000E-03,+31.00502E-03
+14.17500E-03,-48.76884E-03
+14.20000E-03,+49.34673E-03
+14.22500E-03,-10.32663E-03
+14.25000E-03,+19.19598E-03
+14.27500E-03,-11.70854E-03
+14.30000E-03,+11.15578E-03
+14.32500E-03,-38.96985E-03
+14.35000E-03,+65.80402E-03
+14.37500E-03,+3.99497E-03
+14.40000E-03,+16.80904E-03
+14.42500E-03,-12.08543E-03
+14.45000E-03,-9.44724E-03
+14.47500E-03,-3.16583E-03
+14.50000E-03,-32.06030E-03
+14.52500E-03,-5.05025E-03
+14.55000E-03,-45.62814E-03
+14.57500E-03,+36.03015E-03
+14.60000E-03,-53.04020E-03
+14.62500E-03,+38.04020E-03
+14.65000E-03,-5.80402E-03
+14.67500E-03,+26.60804E-03
+14.70000E-03,-17.36181E-03
+14.72500E-03,+51.73367E-03
+14.75000E-03,-13.21608E-03
+14.77500E-03,+57.01005E-03
+14.80000E-03,-12.08543E-03
+14.82500E-03,+28.86935E-03
+14.85000E-03,+2.23618E-03
+14.87500E-03,-18.49246E-03
+14.90000E-03,+40.42714E-03
+14.92500E-03,-22.38693E-03
+14.95000E-03,+29.24623E-03
+14.97500E-03,-19.74874E-03
+15.00000E-03,+43.81909E-03
+15.02500E-03,-6.30653E-03
+15.05000E-03,+53.24121E-03
+15.07500E-03,-12.33668E-03
+15.10000E-03,+56.13065E-03
+15.12500E-03,-13.84422E-03
+15.15000E-03,+35.15075E-03
+15.17500E-03,+24.97487E-03
+15.20000E-03,+62.78894E-03
+15.22500E-03,+23.09045E-03
+15.25000E-03,+26.60804E-03
+15.27500E-03,+47.33668E-03
+15.30000E-03,+9.77387E-03
+15.32500E-03,+21.45729E-03
+15.35000E-03,-7.43719E-03
+15.37500E-03,+14.29648E-03
+15.40000E-03,-7.31156E-03
+15.42500E-03,+100.50E-06
+15.45000E-03,-28.41709E-03
+15.47500E-03,+5.12563E-03
+15.50000E-03,-25.65327E-03
+15.52500E-03,+9.39698E-03
+15.55000E-03,-3.54271E-03
+15.57500E-03,+43.69347E-03
+15.60000E-03,+28.24121E-03
+15.62500E-03,+20.82915E-03
+15.65000E-03,+2.86432E-03
+15.67500E-03,+20.82915E-03
+15.70000E-03,-36.08040E-03
+15.72500E-03,-7.43719E-03
+15.75000E-03,-6.68342E-03
+15.77500E-03,-40.10050E-03
+15.80000E-03,+39.79899E-03
+15.82500E-03,-15.97990E-03
+15.85000E-03,-5.17588E-03
+15.87500E-03,-276.38E-06
+15.90000E-03,-6.05528E-03
+15.92500E-03,+8.26633E-03
+15.95000E-03,+25.22613E-03
+15.97500E-03,-21.75879E-03
+16.00000E-03,+58.64322E-03
+16.02500E-03,+17.43719E-03
+16.05000E-03,+28.86935E-03
+16.07500E-03,+21.95980E-03
+16.10000E-03,+3.61809E-03
+16.12500E-03,+9.52261E-03
+16.15000E-03,+23.34171E-03
+16.17500E-03,+9.64824E-03
+16.20000E-03,-4.17085E-03
+16.22500E-03,+27.23618E-03
+16.25000E-03,-26.40703E-03
+16.27500E-03,+10.77889E-03
+16.30000E-03,-4.29648E-03
+16.32500E-03,-48.51759E-03
+16.35000E-03,-3.54271E-03
+16.37500E-03,+31.75879E-03
+16.40000E-03,-13.59296E-03
+16.42500E-03,+54.12060E-03
+16.45000E-03,+13.91960E-03
+16.47500E-03,+6.25628E-03
+16.50000E-03,+28.49246E-03
+16.52500E-03,-12.21106E-03
+16.55000E-03,-6.43216E-03
+16.57500E-03,-21.50754E-03
+16.60000E-03,+7.01005E-03
+16.62500E-03,+10.52764E-03
+16.65000E-03,+14.79899E-03
+16.67500E-03,-3.04020E-03
+16.70000E-03,+15.17588E-03
+16.72500E-03,+7.88945E-03
+16.75000E-03,+11.15578E-03
+16.77500E-03,+15.05025E-03
+16.80000E-03,-3.04020E-03
+16.82500E-03,+10.40201E-03
+16.85000E-03,+55.87940E-03
+16.87500E-03,+3.99497E-03
+16.90000E-03,+67.56281E-03
+16.92500E-03,+21.70854E-03
+16.95000E-03,-9.19598E-03
+16.97500E-03,+18.69347E-03
+17.00000E-03,-18.36683E-03
+17.02500E-03,-4.42211E-03
+17.05000E-03,+25.22613E-03
+17.07500E-03,+36.53266E-03
+17.10000E-03,+30.50251E-03
+17.12500E-03,+30.87940E-03
+17.15000E-03,-31.30653E-03
+17.17500E-03,+979.90E-06
+17.20000E-03,-26.15578E-03
+17.22500E-03,-10.07538E-03
+17.25000E-03,+21.70854E-03
+17.27500E-03,+7.13568E-03
+17.30000E-03,-1.65829E-03
+17.32500E-03,+29.12060E-03
+17.35000E-03,-13.34171E-03
+17.37500E-03,+1.60804E-03
+17.40000E-03,+11.90955E-03
+17.42500E-03,-31.18090E-03
+17.45000E-03,+13.29146E-03
+17.47500E-03,-22.38693E-03
+17.50000E-03,-6.30653E-03
+17.52500E-03,+7.76382E-03
+17.55000E-03,-1.53266E-03
+17.57500E-03,+1.10553E-03
+17.60000E-03,+351.76E-06
+17.62500E-03,-21.63317E-03
+17.65000E-03,+7.01005E-03
+17.67500E-03,-17.36181E-03
+17.70000E-03,+21.70854E-03
+17.72500E-03,+13.91960E-03
+17.75000E-03,+45.20100E-03
+17.77500E-03,+19.44724E-03
+17.80000E-03,+21.83417E-03
+17.82500E-03,+13.54271E-03
+17.85000E-03,-33.31658E-03
+17.87500E-03,+7.38693E-03
+17.90000E-03,-5.30151E-03
+17.92500E-03,+10.27638E-03
+17.95000E-03,+10.40201E-03
+17.97500E-03,+8.39196E-03
+18.00000E-03,+16.30653E-03
+18.02500E-03,+19.94975E-03
+18.05000E-03,-30.17588E-03
+18.07500E-03,+603.02E-06
+18.10000E-03,-21.38191E-03
+18.12500E-03,+2.61307E-03
+18.15000E-03,-3.29146E-03
+18.17500E-03,+13.66834E-03
+18.20000E-03,+16.05528E-03
+18.22500E-03,+16.30653E-03
+18.25000E-03,+12.41206E-03
+18.27500E-03,-18.24121E-03
+18.30000E-03,+23.71859E-03
+18.32500E-03,-36.20603E-03
+18.35000E-03,-11.70854E-03
+18.37500E-03,-25.77889E-03
+18.40000E-03,-13.46734E-03
+18.42500E-03,-3.66834E-03
+18.45000E-03,-13.59296E-03
+18.47500E-03,-12.71357E-03
+18.50000E-03,+5.37688E-03
+18.52500E-03,+17.43719E-03
+18.55000E-03,+10.02513E-03
+18.57500E-03,-25.13E-06
+18.60000E-03,-14.09548E-03
+18.62500E-03,-8.69347E-03
+18.65000E-03,-3.54271E-03
+18.67500E-03,+477.39E-06
+18.70000E-03,+6.25628E-03
+18.72500E-03,-7.81407E-03
+18.75000E-03,+854.27E-06
+18.77500E-03,+11.03015E-03
+18.80000E-03,-32.68844E-03
+18.82500E-03,-25.77889E-03
+18.85000E-03,-37.46231E-03
+18.87500E-03,-33.44221E-03
+18.90000E-03,-10.07538E-03
+18.92500E-03,+11.65829E-03
+18.95000E-03,-8.06533E-03
+18.97500E-03,+14.42211E-03
+19.00000E-03,-25.27638E-03
+19.02500E-03,-653.27E-06
+19.05000E-03,+5.00000E-03
+19.07500E-03,-12.46231E-03
+19.10000E-03,+7.01005E-03
+19.12500E-03,+17.18593E-03
+19.15000E-03,+15.55276E-03
+19.17500E-03,+43.69347E-03
+19.20000E-03,+33.26633E-03
+19.22500E-03,+10.02513E-03
+19.25000E-03,+37.16080E-03
+19.27500E-03,-15.10050E-03
+19.30000E-03,-5.55276E-03
+19.32500E-03,+2.98995E-03
+19.35000E-03,+2.98995E-03
+19.37500E-03,+11.03015E-03
+19.40000E-03,-13.59296E-03
+19.42500E-03,-3.04020E-03
+19.45000E-03,-22.01005E-03
+19.47500E-03,-41.98492E-03
+19.50000E-03,-53.91960E-03
+19.52500E-03,-3.91960E-03
+19.55000E-03,-30.42714E-03
+19.57500E-03,-58.94472E-03
+19.60000E-03,-14.22111E-03
+19.62500E-03,-23.39196E-03
+19.65000E-03,+6.50754E-03
+19.67500E-03,-778.89E-06
+19.70000E-03,+1.73367E-03
+19.72500E-03,-2.28643E-03
+19.75000E-03,-8.56784E-03
+19.77500E-03,-18.11558E-03
+19.80000E-03,-11.20603E-03
+19.82500E-03,-402.01E-06
+19.85000E-03,-61.33166E-03
+19.87500E-03,-21.13065E-03
+19.90000E-03,-34.19598E-03
+19.92500E-03,-24.27136E-03
+19.95000E-03,+10.65327E-03
+19.97500E-03,-18.36683E-03
+20.00000E-03,-11.45729E-03
+20.02500E-03,-30.17588E-03
+20.05000E-03,-47.26131E-03
+20.07500E-03,-22.01005E-03
+20.10000E-03,-22.13568E-03
+20.12500E-03,-41.73367E-03
+20.15000E-03,+37.03518E-03
+20.17500E-03,-16.60804E-03
+20.20000E-03,+477.39E-06
+20.22500E-03,+23.71859E-03
+20.25000E-03,-15.72864E-03
+20.27500E-03,-20.50251E-03
+20.30000E-03,+9.52261E-03
+20.32500E-03,-50.52764E-03
+20.35000E-03,-24.52261E-03
+20.37500E-03,-4.29648E-03
+20.40000E-03,-23.76884E-03
+20.42500E-03,+10.15075E-03
+20.45000E-03,-16.85930E-03
+20.47500E-03,-8.69347E-03
+20.50000E-03,-10.07538E-03
+20.52500E-03,+477.39E-06
+20.55000E-03,-35.82915E-03
+20.57500E-03,+23.21608E-03
+20.60000E-03,-22.63819E-03
+20.62500E-03,+29.12060E-03
+20.65000E-03,+9.89950E-03
+20.67500E-03,-4.42211E-03
+20.70000E-03,+5.50251E-03
+20.72500E-03,-5.42714E-03
+20.75000E-03,-23.51759E-03
+20.77500E-03,-13.71859E-03
+20.80000E-03,-43.74372E-03
+20.82500E-03,-7.06030E-03
+20.85000E-03,-1.03015E-03
+20.87500E-03,-32.18593E-03
+20.90000E-03,+4.74874E-03
+20.92500E-03,-18.61809E-03
+20.95000E-03,+18.44221E-03
+20.97500E-03,-26.40703E-03
+21.00000E-03,+24.47236E-03
+21.02500E-03,-32.93970E-03
+21.05000E-03,+3.11558E-03
+21.07500E-03,+1.98492E-03
+21.10000E-03,+27.61306E-03
+21.12500E-03,+25.60301E-03
+21.15000E-03,-7.93970E-03
+21.17500E-03,+11.78392E-03
+21.20000E-03,-25.65327E-03
+21.22500E-03,-66.85930E-03
+21.25000E-03,-43.36683E-03
+21.27500E-03,-21.13065E-03
+21.30000E-03,-40.97990E-03
+21.32500E-03,+60.15075E-03
+21.35000E-03,-4.04523E-03
+21.37500E-03,+37.03518E-03
+21.40000E-03,+17.06030E-03
+21.42500E-03,-7.68844E-03
+21.45000E-03,-25.15075E-03
+21.47500E-03,-3.91960E-03
+21.50000E-03,-43.36683E-03
+21.52500E-03,-16.98492E-03
+21.55000E-03,+9.64824E-03
+21.57500E-03,-2.16080E-03
+21.60000E-03,-21.75879E-03
+21.62500E-03,-38.46734E-03
+21.65000E-03,-37.96482E-03
+21.67500E-03,-49.39698E-03
+21.70000E-03,-7.06030E-03
+21.72500E-03,-50.90452E-03
+21.75000E-03,+41.55779E-03
+21.77500E-03,-25.40201E-03
+21.80000E-03,+31.38191E-03
+21.82500E-03,-19.87437E-03
+21.85000E-03,+14.04523E-03
+21.87500E-03,-2.41206E-03
+21.90000E-03,+6.75879E-03
+21.92500E-03,+7.01005E-03
+21.95000E-03,-16.73367E-03
+21.97500E-03,-26.40703E-03
+22.00000E-03,-36.33166E-03
+22.02500E-03,-39.97487E-03
+22.05000E-03,-85.70352E-03
+22.07500E-03,-35.20100E-03
+22.10000E-03,-55.42714E-03
+22.12500E-03,-21.63317E-03
+22.15000E-03,-27.66332E-03
+22.17500E-03,+38.29146E-03
+22.20000E-03,-61.08040E-03
+22.22500E-03,+51.10553E-03
+22.25000E-03,-21.75879E-03
+22.27500E-03,+21.83417E-03
+22.30000E-03,-18.49246E-03
+22.32500E-03,-8.19095E-03
+22.35000E-03,-13.96985E-03
+22.37500E-03,-26.78392E-03
+22.40000E-03,-35.20100E-03
+22.42500E-03,-46.13065E-03
+22.45000E-03,-15.35176E-03
+22.47500E-03,-36.08040E-03
+22.50000E-03,+15.92965E-03
+22.52500E-03,-35.95477E-03
+22.55000E-03,+10.40201E-03
+22.57500E-03,-77.66332E-03
+22.60000E-03,+23.96985E-03
+22.62500E-03,-37.21105E-03
+22.65000E-03,+47.71357E-03
+22.67500E-03,-42.73869E-03
+22.70000E-03,+59.77387E-03
+22.72500E-03,-25.40201E-03
+22.75000E-03,+1.10553E-03
+22.77500E-03,-23.14070E-03
+22.80000E-03,-64.72362E-03
+22.82500E-03,-19.74874E-03
+22.85000E-03,-36.45729E-03
+22.87500E-03,-10.82915E-03
+22.90000E-03,-34.82412E-03
+22.92500E-03,+32.51256E-03
+22.95000E-03,-63.34171E-03
+22.97500E-03,+20.20100E-03
+23.00000E-03,-39.22111E-03
+23.02500E-03,+38.41708E-03
+23.05000E-03,-9.57286E-03
+23.07500E-03,+88.16583E-03
+23.10000E-03,+3.61809E-03
+23.12500E-03,+26.35678E-03
+23.15000E-03,-57.06030E-03
+23.17500E-03,-35.07538E-03
+23.20000E-03,-18.86935E-03
+23.22500E-03,-78.29146E-03
+23.25000E-03,+3.74372E-03
+23.27500E-03,-100.52764E-03
+23.30000E-03,-6.05528E-03
+23.32500E-03,-42.48744E-03
+23.35000E-03,+14.42211E-03
+23.37500E-03,-29.79899E-03
+23.40000E-03,+100.60301E-03
+23.42500E-03,-34.44724E-03
+23.45000E-03,+70.82914E-03
+23.47500E-03,-24.64824E-03
+23.50000E-03,+33.64322E-03
+23.52500E-03,-15.22613E-03
+23.55000E-03,+23.34171E-03
+23.57500E-03,+11.15578E-03
+23.60000E-03,+4.62312E-03
+23.62500E-03,+29.24623E-03
+23.65000E-03,-60.20100E-03
+23.67500E-03,+9.14573E-03
+23.70000E-03,-51.28141E-03
+23.72500E-03,+27.98995E-03
+23.75000E-03,-46.25628E-03
+23.77500E-03,+20.70352E-03
+23.80000E-03,-37.21105E-03
+23.82500E-03,+74.72362E-03
+23.85000E-03,-41.73367E-03
+23.87500E-03,+64.54774E-03
+23.90000E-03,-43.74372E-03
+23.92500E-03,+24.84925E-03
+23.95000E-03,-15.47739E-03
+23.97500E-03,+1.60804E-03
+24.00000E-03,-5.05025E-03
+24.02500E-03,-20.25126E-03
+24.05000E-03,-1.78392E-03
+24.07500E-03,-66.48241E-03
+24.10000E-03,-25.13E-06
+24.12500E-03,-71.88442E-03
+24.15000E-03,+44.07035E-03
+24.17500E-03,-31.93467E-03
+24.20000E-03,+49.59799E-03
+24.22500E-03,-13.59296E-03
+24.25000E-03,+78.36683E-03
+24.27500E-03,-26.53266E-03
+24.30000E-03,+56.00502E-03
+24.32500E-03,-30.92965E-03
+24.35000E-03,+44.69849E-03
+24.37500E-03,-15.72864E-03
+24.40000E-03,-21.00502E-03
+24.42500E-03,-5.05025E-03
+24.45000E-03,-41.85930E-03
+24.47500E-03,-778.89E-06
+24.50000E-03,-56.55779E-03
+24.52500E-03,+979.90E-06
+24.55000E-03,-71.38191E-03
+24.57500E-03,+65.42713E-03
+24.60000E-03,-31.93467E-03
+24.62500E-03,+58.14070E-03
+24.65000E-03,-27.91457E-03
+24.67500E-03,+49.84925E-03
+24.70000E-03,-32.68844E-03
+24.72500E-03,+66.30653E-03
+24.75000E-03,-23.89447E-03
+24.77500E-03,+72.83920E-03
+24.80000E-03,-7.06030E-03
+24.82500E-03,-30.55276E-03
+24.85000E-03,-778.89E-06
+24.87500E-03,-62.46231E-03
+24.90000E-03,-14.34673E-03
+24.92500E-03,-45.75377E-03
+24.95000E-03,-4.54774E-03
+24.97500E-03,-63.34171E-03
+25.00000E-03,+43.81909E-03
+25.02500E-03,-26.90955E-03
+25.05000E-03,+60.65327E-03
+25.07500E-03,-25.65327E-03
+25.10000E-03,+17.06030E-03
+25.12500E-03,-21.88442E-03
+25.15000E-03,-7.18593E-03
+25.17500E-03,-27.28643E-03
